dsa=[
3.14159265E+000, 3.55710602E+000, -1.21591341E+000
3.17069905E+000, 3.54602671E+000, -1.22512448E+000
3.20007512E+000, 3.53493905E+000, -1.23428082E+000
3.22972334E+000, 3.52384377E+000, -1.24338269E+000
3.25964626E+000, 3.51274085E+000, -1.25243008E+000
3.28984641E+000, 3.50163031E+000, -1.26142299E+000
3.32032635E+000, 3.49051285E+000, -1.27036166E+000
3.35108869E+000, 3.47938800E+000, -1.27924621E+000
3.38213604E+000, 3.46825647E+000, -1.28807652E+000
3.41347104E+000, 3.45711827E+000, -1.29685271E+000
3.44509635E+000, 3.44597363E+000, -1.30557501E+000
3.47701467E+000, 3.43482256E+000, -1.31424344E+000
3.50922870E+000, 3.42366552E+000, -1.32285810E+000
3.54174119E+000, 3.41250253E+000, -1.33141911E+000
3.57455491E+000, 3.40133381E+000, -1.33992636E+000
3.60767264E+000, 3.39015937E+000, -1.34838021E+000
3.64109720E+000, 3.37897992E+000, -1.35678053E+000
3.67483143E+000, 3.36779499E+000, -1.36512756E+000
3.70887821E+000, 3.35660529E+000, -1.37342131E+000
3.74324042E+000, 3.34541082E+000, -1.38166189E+000
3.77792100E+000, 3.33421159E+000, -1.38984942E+000
3.81292289E+000, 3.32300782E+000, -1.39798391E+000
3.84824906E+000, 3.31180000E+000, -1.40606558E+000
3.88390253E+000, 3.30058813E+000, -1.41409445E+000
3.91988632E+000, 3.28937244E+000, -1.42207050E+000
3.95620349E+000, 3.27815270E+000, -1.42999399E+000
3.99285714E+000, 3.26692986E+000, -1.43786502E+000
4.02985038E+000, 3.25570345E+000, -1.44568348E+000
4.06718636E+000, 3.24447370E+000, -1.45344973E+000
4.10486825E+000, 3.23266196E+000, -1.46094096E+000
4.14289925E+000, 3.22008157E+000, -1.46807849E+000
4.18128261E+000, 3.20750785E+000, -1.47515750E+000
4.22002158E+000, 3.19494104E+000, -1.48217809E+000
4.25911947E+000, 3.18238115E+000, -1.48914027E+000
4.29857959E+000, 3.16982865E+000, -1.49604452E+000
4.33840530E+000, 3.15728354E+000, -1.50289071E+000
4.37859999E+000, 3.14474630E+000, -1.50967920E+000
4.41916708E+000, 3.13221645E+000, -1.51641011E+000
4.46011002E+000, 3.11969471E+000, -1.52308345E+000
4.50143229E+000, 3.10718107E+000, -1.52969956E+000
4.54313740E+000, 3.09467578E+000, -1.53625858E+000
4.58522891E+000, 3.08217883E+000, -1.54276061E+000
4.62771039E+000, 3.06969047E+000, -1.54920590E+000
4.67058545E+000, 3.05721092E+000, -1.55559456E+000
4.71385774E+000, 3.04474020E+000, -1.56192672E+000
4.75753094E+000, 3.03227878E+000, -1.56820261E+000
4.80160877E+000, 3.01982665E+000, -1.57442236E+000
4.84609498E+000, 3.00738382E+000, -1.58058619E+000
4.89099334E+000, 2.99495053E+000, -1.58669412E+000
4.93630768E+000, 2.98252702E+000, -1.59274650E+000
4.98204185E+000, 2.97011352E+000, -1.59874344E+000
5.02819974E+000, 2.95771027E+000, -1.60468507E+000
5.07478528E+000, 2.94531703E+000, -1.61057150E+000
5.12180243E+000, 2.93293428E+000, -1.61640298E+000
5.16925518E+000, 2.92056203E+000, -1.62217963E+000
5.21714757E+000, 2.90820026E+000, -1.62790179E+000
5.26548369E+000, 2.89584970E+000, -1.63356936E+000
5.31426762E+000, 2.88350987E+000, -1.63918257E+000
5.36350354E+000, 2.86687088E+000, -1.64300060E+000
5.41319562E+000, 2.84956765E+000, -1.64645481E+000
5.46334808E+000, 2.83232188E+000, -1.64983439E+000
5.51396521E+000, 2.81513357E+000, -1.65313971E+000
5.56505129E+000, 2.79800272E+000, -1.65637147E+000
5.61661068E+000, 2.78092957E+000, -1.65953004E+000
5.66864776E+000, 2.76391411E+000, -1.66261601E+000
5.72116695E+000, 2.74695611E+000, -1.66562986E+000
5.77417273E+000, 2.73005581E+000, -1.66857195E+000
5.82766960E+000, 2.71321321E+000, -1.67144299E+000
5.88166211E+000, 2.69642830E+000, -1.67424321E+000
5.93615485E+000, 2.67970109E+000, -1.67697334E+000
5.99115246E+000, 2.66303158E+000, -1.67963374E+000
6.04665961E+000, 2.64642000E+000, -1.68222487E+000
6.10268103E+000, 2.62986588E+000, -1.68474722E+000
6.15922148E+000, 2.61336970E+000, -1.68720138E+000
6.21628577E+000, 2.59693122E+000, -1.68958771E+000
6.27387875E+000, 2.58055043E+000, -1.69190681E+000
6.33200532E+000, 2.56422734E+000, -1.69415903E+000
6.39067043E+000, 2.54796219E+000, -1.69634485E+000
6.44987905E+000, 2.53175473E+000, -1.69846475E+000
6.50963624E+000, 2.51560521E+000, -1.70051920E+000
6.56994707E+000, 2.49951315E+000, -1.70250881E+000
6.63081667E+000, 2.48347902E+000, -1.70443380E+000
6.69225022E+000, 2.46750259E+000, -1.70629478E+000
6.75425295E+000, 2.45158410E+000, -1.70809221E+000
6.81683011E+000, 2.43572307E+000, -1.70982647E+000
6.87998705E+000, 2.41991997E+000, -1.71149814E+000
6.94372913E+000, 2.40419316E+000, -1.71226275E+000
7.00806177E+000, 2.38858223E+000, -1.71086991E+000
7.07299044E+000, 2.37304664E+000, -1.70944154E+000
7.13852066E+000, 2.35758591E+000, -1.70797813E+000
7.20465801E+000, 2.34219980E+000, -1.70647991E+000
7.27140812E+000, 2.32688856E+000, -1.70494723E+000
7.33877665E+000, 2.31165123E+000, -1.70338047E+000
7.40676935E+000, 2.29648829E+000, -1.70177996E+000
7.47539199E+000, 2.28139877E+000, -1.70014620E+000
7.54465040E+000, 2.26638293E+000, -1.69847929E+000
7.61455049E+000, 2.25144029E+000, -1.69677985E+000
7.68509819E+000, 2.23657084E+000, -1.69504797E+000
7.75629950E+000, 2.22177410E+000, -1.69328415E+000
7.82816049E+000, 2.20704985E+000, -1.69148874E+000
7.90068725E+000, 2.19239783E+000, -1.68966210E+000
7.97388597E+000, 2.17781806E+000, -1.68780434E+000
8.04776286E+000, 2.16330981E+000, -1.68591607E+000
8.12232420E+000, 2.14887333E+000, -1.68399751E+000
8.19757635E+000, 2.13450789E+000, -1.68204904E+000
8.27352570E+000, 2.12021375E+000, -1.68007088E+000
8.35017871E+000, 2.10599017E+000, -1.67806339E+000
8.42754190E+000, 2.09183741E+000, -1.67602694E+000
8.50562185E+000, 2.07775474E+000, -1.67396188E+000
8.58442519E+000, 2.06374216E+000, -1.67186844E+000
8.66395864E+000, 2.04979944E+000, -1.66974699E+000
8.74422895E+000, 2.03592634E+000, -1.66759789E+000
8.82524296E+000, 2.02212262E+000, -1.66542137E+000
8.90700755E+000, 2.00838804E+000, -1.66321778E+000
8.98952967E+000, 1.99472213E+000, -1.66098738E+000
9.07281635E+000, 1.98033082E+000, -1.65718985E+000
9.15687467E+000, 1.96570921E+000, -1.65276372E+000
9.24171178E+000, 1.95117748E+000, -1.64832771E+000
9.32733489E+000, 1.93673503E+000, -1.64388216E+000
9.41375129E+000, 1.92238152E+000, -1.63942730E+000
9.50096832E+000, 1.90811646E+000, -1.63496339E+000
9.58899341E+000, 1.89393950E+000, -1.63049066E+000
9.67783403E+000, 1.87984991E+000, -1.62600946E+000
9.76749775E+000, 1.86584747E+000, -1.62151992E+000
9.85799220E+000, 1.85193169E+000, -1.61702240E+000
9.94932506E+000, 1.83810198E+000, -1.61251700E+000
1.00415041E+001, 1.82435811E+000, -1.60800409E+000
1.01345372E+001, 1.81069934E+000, -1.60348392E+000
1.02284322E+001, 1.79712558E+000, -1.59895658E+000
1.03231971E+001, 1.78363609E+000, -1.59442246E+000
1.04188400E+001, 1.77023053E+000, -1.58988166E+000
1.05153691E+001, 1.75690854E+000, -1.58533454E+000
1.06127924E+001, 1.74366951E+000, -1.58078122E+000
1.07111184E+001, 1.73051310E+000, -1.57622194E+000
1.08103553E+001, 1.71743894E+000, -1.57165706E+000
1.09105117E+001, 1.70444643E+000, -1.56708670E+000
1.10115960E+001, 1.69153535E+000, -1.56251097E+000
1.11136168E+001, 1.67870510E+000, -1.55793035E+000
1.12165829E+001, 1.66595519E+000, -1.55334485E+000
1.13205029E+001, 1.65328550E+000, -1.54875469E+000
1.14253857E+001, 1.64069521E+000, -1.54416013E+000
1.15312402E+001, 1.62818432E+000, -1.53956139E+000
1.16380755E+001, 1.61575198E+000, -1.53495860E+000
1.17459006E+001, 1.60355997E+000, -1.52991557E+000
1.18547246E+001, 1.59241533E+000, -1.52227235E+000
1.19645569E+001, 1.58134520E+000, -1.51466405E+000
1.20754068E+001, 1.57034922E+000, -1.50709093E+000
1.21872837E+001, 1.55942667E+000, -1.49955249E+000
1.23001971E+001, 1.54857731E+000, -1.49204886E+000
1.24141566E+001, 1.53780055E+000, -1.48457980E+000
1.25291719E+001, 1.52709591E+000, -1.47714520E+000
1.26452529E+001, 1.51646304E+000, -1.46974480E+000
1.27624093E+001, 1.50590134E+000, -1.46237862E+000
1.28806512E+001, 1.49541044E+000, -1.45504653E+000
1.29999885E+001, 1.48498976E+000, -1.44774830E+000
1.31204315E+001, 1.47463894E+000, -1.44048381E+000
